1111111111111110111111110010011000000000000111011111111110000010111111111110101111111111110110110000000000001101000000010110110000000000001000010000000100111000000000000001101100000000110011011111111111110101111111110101100100000000000110010000000001001011
0000000000100010111111111101111100000000010111001111111100110101000000000001000111111111010011001111111111011110111111111101110100000000000010011111111110100111111111111111000011111111100011000000000000111100000000000101001011111111111100100000000000010001
1111111111001111111111111001011000000000000110000000000000110100000000000100101111111110110010010000000000010010000000001000001100000000001011001111111111110001000000000000100011111111001000111111111111110101111111100111000011111111110110100000000000010100
0000000000100000000000001101100111111111111101001111111011100010000000000001010011111111010110100000000000000000111111110000110011111111110110100000000100100101000000000000011111111111110011010000000000000101111111101101110111111111101001010000000001010010
0000000001000111000000000000100011111111110101000000000001001010000000000010111011111110101000010000000000110011000000001000110111111111110010111111111101101001000000000100111011111111110100110000000000000100111111101100101011111111110110010000000001000010
0000000000111011111111101100111111111111111110000000000000110010000000000011000000000000010011010000000000101000000000000111110000000000001001011111111010001010000000000101101000000000111101001111111111110101111111100110101000000000010011000000000000011111
1111111111011001111111111000100100000000000000101111111111110111000000000000110011111111000010010000000000101011111111100011101000000000000000100000000011110110111111111101111111111111110100001111111111101111000000000100111100000000000101000000000010000111
0000000000100001111111111110101100000000010001110000000100001111111111111111101000000000000100111111111111110001000000000100001100000000011010111111111100100010111111111100010111111111101011110000000000110101000000001000011111111111111010000000000000001000
0000000000000101111111111110001011111111110100101111111101001000000000000011110011111111011001100000000000000100111111111011110100000000000111001111111111001100000000000010011111111110101001101111111111100010000000000100001111111111110010111111111111000000
1111111111101001000000000111110111111111111101011111111101010000111111111110001011111111011101111111111111100100000000000001001011111111101010010000000001101111111111111100010111111111000010001111111111111010000000000001010000000000001000000000000000000111
0000000000011111000000010111000111111111111001001111111101101001000000000001110111111111000101011111111111111000111111110011001100000000010100100000000011111110111111111010101100000000000010010000000000001100000000000000111100000000000111111111111111101001
1111111111101110000000000111000111111111110011001111111011101100111111111111110011111111011011110000000000010101000000010000000000000000001010010000000101010001111111111111110111111111010011011111111111100010111111111110000011111111111101101111111101011011
1111111111101111000000000101100011111111111010110000000010110001111111111110100000000000010011001111111111010000111111111110010111111111111001001111111110100011000000000000001011111111011110101111111111101001000000000010111000000000010010001111111100011010
0000000000011001111111111001100011111111110010101111111110001001111111111110011011111111110010011111111111010010000000001111001100000000001101000000000001100011000000000000010100000000011001111111111111111110111111110111111100000000000110001111111110000110
1111111111100101111111110111101011111111111111101111111010110000111111111101010111111111111111001111111111111011000000000110001111111111111010001111111101000010000000000011010100000000100000001111111111100100000000000000111011111111111111000000000011010100
0000000000010110111111111011011100000000001101001111111110100010111111111101110100000000000101001111111111100111111111110001010111111111111001100000000000001110000000000001111100000000110111010000000000111000000000001000100011111111110101010000000000001000
1111111111110111111111111111110011111111111101000000000110101101000000000000111011111111100000001111111110101110111111110111000000000000010000100000000101110110111111111111110011111111001001100000000000010000000000000010111111111111110011010000000010110001
0000000000010101000000000000101000000000000010110000000010011010000000000010010111111111110011111111111111101101111111110011000000000000010000010000000011111100000000000000111100000000000101001111111111000000111111110110101011111111110011100000000001110000
0000000000100100000000001010000111111111111011000000000000100010000000000000010000000000101110010000000001000011111111111110111000000000000010110000000100010101111111111110011111111111001101011111111111110101000000000010110011111111100010000000000100101010
0000000000100001111111011111001011111111111110010000000010011111000000000001100111111111101001111111111111111001000000010110111111111111110011100000000101101010111111111011100111111111111010101111111111100111000000000111001011111111111000110000000010010000
1111111111111101000000000001101100000000000110111111111100110001111111111111100100000000011100000000000000010001111111111001011011111111111110011111111011111111111111111011001100000000000010100000000000000001111111111000010100000000001101101111111111101110
0000000000010101000000000000011100000000001001011111111011110110000000000000010111111111111011000000000001000100000000010000111111111111111000011111111111011100111111111011011000000000110110101111111111010101000000000101100100000000000011110000000000000110
1111111111110101111111111101011000000000001000010000000000011111111111111100101111111111110110100000000000010100111111111010000000000000010010001111111100011111000000000000011000000000101100110000000001001001111111110110111111111111110101010000000011000001
0000000000111100111111111110011011111111101111111111111011011101000000000000100111111110100100011111111110111111000000000000001100000000001010000000000000100101111111111111110000000000011011100000000000110010000000000111011100000000001100000000000000111111
0000000000011100111111111111111111111111111110000000000010111000000000000011100011111111111001110000000001001100111111101010010100000000000101010000000101110100111111111110111000000000010011010000000000010101000000000101011000000000000000001111111011111010
0000000000011000111111110100001100000000000001011111111110111110111111111111001111111111100111000000000000101001111111110010000100000000001010000000000010010101111111111111001100000000000010000000000000111011111111110111111000000000000011001111111110000001
1111111111110100000000000100111111111111111011010000000011110111000000000010100100000000010111010000000000001010000000000111011100000000000001000000000000100101000000000000101111111111001011011111111111001001000000000010001100000000001001100000000100000001
1111111110110010000000000000010111111111110111001111111110100100000000000011000000000000010100100000000000001111000000000100111000000000000000000000000001011110111111111111111100000000010100111111111111011010000000000101011000000000001100110000000000000010
1111111111111010111111111110110011111111111101010000000010100100000000000010010111111111101101010000000000001001111111111011011111111111111010001111111101101101000000000101001000000000011111111111111111010001111111110111010011111111111101010000000000010010
0000000000011001111111110111011000000000001001000000000001000010000000000000000000000001100111000000000000001010111111111110001011111111110101110000000000011011111111111100010100000000010111100000000000010111111111110100010000000000010000111111111110100111
0000000000001001000000001010011000000000000000000000000000010001111111111100111011111110011011010000000000010000111111101010000100000000000111101111111110010001000000000001000111111111100111101111111111011000000000000010110000000000000010000000000010000011
0000000000001000111111111010111111111111101100100000000100110001000000000000100100000000101111110000000000111000111111101011001011111111111011011111111101101011111111111101010011111111001101011111111111110110000000001101010011111111110100111111111100110001
1111111111000011000000001011111011111111111101010000000001100101111111111110000011111111100011100000000000110000111111111101011100000000000001011111111100000100111111111111111011111111010000101111111111100100000000000111011111111111111000100000000010010001
0000000000101101000000000111011111111111111011010000000010001010111111111110010000000000010000110000000001001101000000000000000011111111110001010000000010101010000000000010111000000000000100010000000000000110111111111100010100000000001110100000000000110101
1111111111010010111111101001110111111111111101110000000000100010111111111101111100000000101010001111111111010110111111100000110100000000000010100000000000011100000000000001010000000001000000110000000000000111000000000001110011111111101100010000000000100110
0000000000100000000000001010110000000000001010001111111110011110111111111111111000000001100000111111111111101011111111111110110000000000000101011111111110010010000000000000100000000000001011000000000000000111111111110011010111111111110010010000000100011110
1111111111101110111111110110011111111111111111010000000000101000000000000011001100000000010100100000000000100101111111101100101000000000000010011111111111000011111111111110100000000000011111011111111110110111111111101101110100000000000110010000000000000101
0000000000110101111111111111111100000000001000111111111110111101000000000010111000000000011111001111111111010111000000001011000000000000001111101111111010010001111111111110010100000000000101110000000000000010111111101100100000000000001001011111111111111010
0000000000010000000000001100110100000000000101110000000100110101000000000011110100000000000100111111111110110011000000001010111111111111110000110000000010000001000000000000110100000000100101001111111111011011000000001111010000000000000100010000000010001010
1111111111101110000000001100101111111111101101011111111111000110111111111111110111111111011010110000000000010100111111111010111000000000001010011111111011101010111111111100111100000000010000110000000000010111111111111000011100000000000001010000000010101101
0000000000111011000000001001001100000000001100001111111101010000000000000000110011111111011110010000000000010010111111110100000011111111111101001111111110100100111111111110001000000000101000111111111111111000000000001110010000000000000111101111111110011100
1111111111101111111111111000101111111111111001011111111111011011111111111111000111111111011100101111111110111011000000001000010100000000000101110000000011100110000000000010110000000000101001110000000000001101000000000000011111111111111011111111111111111100
1111111111000010111111110111111111111111101110011111111100001010111111111111110000000000100110000000000000011001000000001001100000000000001111000000000100010011111111111110101011111111000001010000000000111101111111111100110000000000000101000000000001010110
0000000000111101111111110010110000000000000100011111111011110001111111111110101100000000011101111111111111011100000000000100011100000000000101111111111101101010111111111100100100000001001000110000000000001111000000000000101111111111111100101111111001110100
1111111110110110000000000000010100000000000010000000000001111001000000000001100011111111101010101111111110111001111111111000010011111111110101101111111100011100111111111110101000000000010111101111111110100101000000000000011111111111101110100000000000000001
0000000000010110000000001100001000000000000100111111111111100100000000000010101011111111111011000000000000100110000000001111101011111111111101101111111110010100111111111101101011111111111110100000000000011011111111111001101011111111101010010000000011000111
1111111111000100111111111101110111111111111110111111111111001110111111111111010000000000011011011111111111010011111111100110100111111111111010010000000000011111000000000000100111111111001100000000000000101010000000000100000100000000000101000000000010010011
1111111111110111000000000100111111111111111010101111111110010011000000000010101000000000001111100000000000111001111111111011010000000000000010110000000000011100000000000000101011111111110001000000000000111000000000000110101100000000000011001111111011111011
0000000001100011000000010100011011111111101111111111111100111110111111111111100000000000111001001111111111011101111111111000110000000000000101111111111111010101000000000011100111111111011111011111111111111000111111110100111111111111111101100000000000111011
1111111111100000111111110100011111111111111111110000000011010001000000000010101000000000000000010000000000001111111111111010101000000000001000100000000101011111000000000011011111111111111101101111111111100100000000000111000000000000001000111111111111101111
0000000000101100111111110001001111111111110110100000000001111100111111111111110011111111010010101111111110001110111111111010110011111111111111001111111010110111000000000001010111111111010101100000000000111110111111111000101100000000000011001111111110110110
0000000000011001000000000010010111111111101110010000000000010111000000000100000000000000010001000000000000001001000000000011110000000000001101011111111110001100000000000010011100000000010101100000000000101101000000001000010000000000001000000000000100010010
1111111111011100111111100011111111111111111111100000000010100101111111111101111100000000010001101111111111100111000000010000110100000000001011000000000100000000111111111111101011111111010100111111111111010111111111111111000111111111111100011111111111110100
0000000000100110111111110101110111111111110110110000000001010100111111111111000000000001001010111111111111101001000000000101011100000000000010110000000001000111111111111111110000000000000101011111111111110100000000010010100100000000001001011111111111110010
0000000001000000000000001101010100000000000000001111111111010001000000000011011100000000110111111111111111111101111111101111001011111111111011100000000110110110111111111110011100000000101111000000000000001110000000000010010100000000001101010000000001101101
0000000000001101111111111000011111111111111101111111111011001000000000001000000011111111110000011111111111111110111111111000100111111111110100111111111111100100111111111011111000000001001110011111111111111110111111111010011111111111111110101111111110101100
0000000000010001000000010011011100000000000111100000000010101110000000000010001111111111111000010000000001010001111111110100111000000000001100000000000010100000000000000000000100000000100001101111111111101011000000001001100100000000001101010000000100111001
1111111111111000111111111111100111111111111101010000000000000010000000000000110011111111010100110000000000001011111111111001110111111111110011011111111011100111111111111110001100000001010011000000000000110101111111111100100100000000001001101111111011100101
1111111111110010111111110110100111111111110001101111111110110101000000000000000011111111010011110000000000001010111111110010011111111111110111110000000000001100111111111111011000000001000011110000000000000111000000001000011111111111110011011111111100101101
0000000000111011111111111101111000000000000000010000000100001100111111111011110000000000101001001111111111101000000000001110010100000000001010110000000010011100000000000000011011111111101110000000000000010001000000001111100100000000000000000000000001011001
1111111111010101111111111101000011111111111111111111111111101010000000000010000111111111100111110000000000011000111111111000100111111111111011011111111101001001000000000011011111111111110101000000000000101000111111110111101011111111110101010000000001111000
0000000000000100111111111111011000000000000101011111111110010101000000000100110000000000101101011111111111100001000000001011101011111111110011100000000010000010000000000100101011111111110001010000000000010000000000000111101000000000000011011111111101000110
0000000000111011000000000011010111111111111100100000000000011001111111111100111011111111000010011111111111000000000000000001000100000000000100011111111110010100111111111010110111111111010000101111111111111001000000000000010100000000010001110000000000000100
1111111111010110000000001100010111111111111101001111111111001010111111111100010000000000101110100000000000010100111111111101111000000000001101100000000100101110000000000001100100000000111101111111111111011100111111110110001100000000000000001111111110010110
1111111110101110111111101101010100000000001101100000000010101011111111111110001011111111100000100000000000111110111111110111110011111111111101110000000000010110000000000000111000000001100100000000000000001010000000011001100000000000000000100000000001110100
0000000000101101111111111110000011111111111101101111111100101011111111111111001000000000010010111111111111110000111111111000010000000000000100000000000100010010111111111100000100000000100001011111111111111101000000000101000011111111111001110000000001110101
1111111111000101000000011001011100000000000101000000000111000010111111111111001111111111011101100000000001111110000000000011111111111111110011101111111110001111111111111101001111111111000000100000000000000010111111111110111000000000000111011111111110110001
1111111111101011000000011000111100000000000100110000000000011100111111111101011100000000001011000000000000100110000000000111000000000000010000101111111100011010111111111111011011111111110101010000000000110111111111110110001011111111110110110000000001110110
0000000000001001000000000101110000000000000010011111111110000001111111111111011011111111111011011111111111000010111111111100000011111111111100100000000110011101000000000000110011111110111111111111111111110010111111110101001011111111111010101111111101001100
1111111111000011000000010111011011111111111110000000000100101000000000000001000100000001010100110000000000000000111111101111011100000000001000010000000000000100111111111101011011111111001100000000000000001111111111111011001111111111111101011111111010100101
0000000000011001111111101100010100000000010101000000000000110100111111111111111100000000011011000000000000000101111111111111001111111111111111111111111110101110000000000000000011111111011011010000000000011100111111110101101011111111111010101111111110001000
0000000001001101000000000011000100000000001011110000000011011011111111111011111000000000001101010000000001000010111111111101100100000000010011100000000010111011111111111110010011111111001011111111111110111001111111100110100000000000001110101111111110011001
0000000000010111111111110010001100000000000110110000000000110001000000000000100111111110111111011111111111110101000000011011111100000000000100111111111101110111111111111111011111111111000100010000000000100100111111111111011000000000001001001111111111101011
0000000000101110111111111110100100000000001100000000000000000010000000000101011111111111110110011111111111111100000000001000111011111111101110011111111100010000111111111110001100000000110101101111111111000100111111111111001000000000000110100000000001011011
0000000000010101111111110011000011111111111111100000000000001011111111111111101100000000100101101111111111110010111111110100000100000000001001111111111101010001000000000001010011111111101110101111111110011100111111110110000100000000000111001111111111111011
0000000000000010111111111110100011111111110100110000000010001111111111111110001011111111111100001111111111100100111111111010100100000000000000101111111011110101000000000001101100000000111000100000000000110011000000000110111000000000000101001111111110010001
0000000000101010000000001110100000000000000001001111111110010111111111111111111100000000000011100000000000010110111111111011111011111111111110100000000001011000000000000011100000000000100111011111111111111100111111110001001111111111111010100000000011101111
1111111111110110111111110111011011111111110110010000000011111110111111111110011111111111101110000000000000011100111111110101100111111111111100010000000000010110111111111011011000000000011111111111111111110101000000001101100111111111110110010000000011000110
1111111111111111000000000110100100000000000001111111111101001101000000000000100111111111001111001111111111011011111111111000011100000000001011100000000000111010000000000011001011111111111011000000000000100001000000000110111000000000001010111111111011101001
0000000000100000000000001011100111111111110111011111111110000001000000000100010000000000001001011111111111110100000000001110110011111111111010000000000010111110111111111101110111111111100001011111111111001010000000010000111111111111111011010000000101001000
1111111111100101111111111010001100000000001001011111111111010000000000000011000011111111110100110000000000000111111111111000001011111111101100010000000000011110000000000001001011111110111101001111111111010000000000001010100111111111110111111111111011101011
1111111111010011111111111111011111111111111110101111111110011110000000000001001000000000001010101111111110111101000000000011100011111111111010011111111100000101111111111110111000000001000000011111111110101010111111111010001111111111110110011111111110110001
0000000000000111000000000001000000000000001110110000000011000000000000000000010111111111001011001111111111110111111111110101011000000000000010110000000100011101000000000001110011111110111110011111111111111101111111110011111111111111111000000000000101110010
1111111111000110000000000110111111111111110010101111111100000111111111111100010111111111001110100000000000110100111111110001100100000000000011110000000001011000111111111100000011111111001011000000000000011011000000001001111100000000000000011111111001011001
1111111111110111111111111011101100000000001101111111111111001100000000000001111100000000000100011111111111100101000000000000010100000000000011110000000011010011000000000000000011111110110101000000000000110111000000001011110000000000000010100000000011011010
1111111111111000000000000000000000000000000101110000000011001101111111111110110000000000010000010000000000000001000000010110011011111111101011000000000001011010111111111011101100000000001100011111111111011100000000000001011111111111111101100000000001010000
0000000000100100000000000010010011111111111110000000000100000001111111111101011100000001001001000000000000001101000000011101010100000000000111110000000001011001111111111111011011111111111111101111111111101101000000001101010100000000001000000000000011011111
0000000000101100111111111100110011111111111110111111111111001100000000000001000000000000011101100000000000101001111111111011100011111111111000010000000000010110111111111110001000000001000100100000000000011101111111111100110000000000010000100000000000101011
1111111111110011111111111100011011111111110111001111111110001010111111111111001000000000001110100000000000100011111111110101100011111111110010010000000100011101000000000011100000000000001101100000000001010110111111111111011011111111110111011111111111110110
0000000001011000111111111101010100000000010101010000000011000111000000000001001000000000011011101111111111111100000000000010100011111111111010010000000001001000000000000000101100000001001000111111111111101000000000000011010011111111110100100000000101010001
1111111111110010111111101010001111111111111101110000000011001110000000000001011100000000111010011111111111101110111111111000001011111111111001011111111101011101111111111100011100000000100101011111111111110000111111111101011000000000000100010000000001111010
0000000000101011000000001001011011111111110001111111111110101011111111111111101100000001100000110000000000011001111111111111100011111111111011001111111011100110000000000001010111111110111011010000000000000010000000000101011011111111110110100000000001001011
0000000000010000111111111100100111111111101001011111111111000111111111111101010011111111001010100000000000000010000000000010100111111111111100101111111110111100111111111111000011111111011110010000000000000011111111101101011100000000000010000000000000011100
1111111110100000111111110011110011111111111011011111111110011111111111111110101100000000000011101111111111101100000000010010101011111111111011010000000010001001000000000001001000000000010010011111111111101011000000001110110100000000010000001111111110010000
0000000000000001111111110000000111111111110110111111111010101111111111111111001011111111101000110000000000001010000000001001010011111111111111101111111111011000111111111110001011111111011011010000000000110010000000000000010011111111111100111111111100011110
0000000000000001000000001010001100000000000010100000000100001011000000000000100100000000010010010000000000001110111111110111110100000000000001000000000000001100111111111011111100000000010010000000000000010000000000000100100000000000000110111111111101011010
0000000000000101000000000010001111111111110010001111111101001010111111111101111000000000010001010000000000010010000000000000110100000000011000011111111111101001111111111111110111111110110010110000000000100100111111111100111011111111110110110000000000100111
0000000001010000111111101011111011111111111111001111111111001001111111111111001111111111111001011111111111101110000000010001000100000000001100100000000000010000000000000000100111111110111110011111111111011101000000001010010000000000011000000000000001000010
1111111111101000000000010100110011111111111010100000000000100000111111111111100100000000001000100000000000001010111111111101111011111111111100011111111111010111111111111110110100000000111011100000000000100101000000000010111011111111101101011111111110010111
1111111110011110000000001100010111111111111111100000000001010001111111111101000000000000111100001111111111010000111111111111101000000000000111111111111110100000111111111101011100000000011010101111111111101101111111110001100100000000000111011111111101010010
1111111111010010000000000011110100000000000110000000000000011001000000000010100011111111111001101111111111011101111111111010011111111111110100001111111111111011000000000001000111111111111100000000000000110001000000011010101100000000000111010000000010101100
1111111111100001000000000001001011111111111101100000000010011011111111111110010100000001000010010000000000101101111111110011010111111111111011011111111110001001000000000011000011111111100111100000000000010000111111111000111111111111101111100000000011000010
1111111111001010111111110011111100000000000111111111111011011100000000000000001111111111110111010000000000000111000000000100000000000000000111001111111111100000111111111110011011111111100000011111111111111011111111101100011111111111101111110000000000101101
1111111111010001111111101001100000000000000011001111111110110001111111111100011011111111111101010000000000001010111111101011010011111111111101011111111111000001111111111101011111111111011111010000000000100001000000010010011100000000001101111111111110110000
0000000000101111111111111001001100000000000010010000000011110001000000000010001011111111111010010000000000001110000000000100001100000000000101100000000010011100111111111101011000000000011100010000000000100001000000000100001111111111111010011111111110000001
0000000000001001000000001001111011111111111010011111111110001100111111111101000100000000011001010000000000011111111111110010001011111111111100111111111111010110111111111011101011111110101100001111111111111011000000001110101000000000001010110000000010101110
0000000001010011111111110110001000000000001110000000000001001110111111111111101100000000000110110000000000001001000000000100101000000000001011011111111110111111111111111111100000000001000010001111111111111111000000001111101000000000000111101111111011010011
0000000000111100111111110100111011111111111111011111111111100111111111111111001011111111101011001111111111111110000000000000010011111111111101000000000000110101000000000000011000000000000110101111111111001001111111110110101000000000000110010000000010000101
1111111111101000111111101110101000000000001100000000000000000101111111111111100100000000000111100000000000101101111111111111000111111111111101011111111101110111000000000000011100000000010000100000000000001001000000001101100011111111111101000000000000100100
0000000000000111111111111010111111111111111011110000000110010011111111111111110011111111000101011111111111111000111111110010111100000000010011111111111010100100111111111111001100000000100011000000000000011101000000000010010111111111110110001111111101001010
0000000000011101000000001000011111111111111110110000000010011110111111111100110011111110010110101111111110110000111111111110000000000000000111000000000001010010111111111110100011111111101001001111111111100111111111111011111111111111111011111111111100011000
1111111111101001000000011001010111111111111100010000000000001100000000000001101111111111010101000000000001001010111111101111111011111111101101110000000010000110111111111111001111111111011001110000000000011011111111110110110000000000010010110000000011001010
1111111111011010000000000110001000000000000000000000000100110110000000000011000000000000110110111111111111011001111111111100000011111111111011011111111011011100111111111110110100000001010000100000000000101011111111111001001100000000010000100000000001110011
0000000000010101000000000000000111111111111011001111111010001000000000000000010111111110110001001111111111010101111111111011001011111111111101101111111011000101111111111101001100000001100011110000000000101111000000000011101111111111111000100000000011101110
0000000000001101000000000111110111111111111010110000000001001101111111111111010000000000010000011111111111101010000000001101001000000000000001110000000010110001111111111111111000000001000110110000000000011000111111101100001111111111111110110000000001011111
1111111111110101000000001101010011111111111110100000000011000000111111111110111100000000100001000000000000110101111111101110111100000000000001100000000010011011111111111110011100000000000011100000000000011011111111111100111011111111111001011111111101100100
1111111111101100000000000010010100000000000110011111111110101001111111111111101000000000001100011111111111100101111111111100101000000000000100011111111111001011111111111110010100000000100000110000000001010111000000001010110011111111111111001111111011110100
0000000000001110111111110110011000000000001011110000000010011110111111111011100011111111101101010000000000001100111111110110001100000000010110100000000000101110000000000000100100000001000101010000000000010000111111111011010111111111111001011111111110011110
0000000000011000111111110011001111111111110001100000000010001111111111111111011000000000101010001111111110111000000000010111101100000000000011111111111110111010111111111101010000000000000001111111111111010001111111110011011111111111111100001111111111011011
0000000000011100111111101110111100000000000100000000000100000000111111111110101000000000100111000000000000001001111111111111001011111111111001010000000000001110111111111100111111111111100010100000000000010011000000010000101000000000001100001111111101011010
0000000000011010000000001100001011111111110100011111111101110011111111111111101100000000010110001111111111010101111111101110011011111111111100100000000000110011111111111111100011111111011110011111111111001101000000000000110011111111111101010000000010000001
1111111111101111111111110011011011111111110111101111111101001010000000000000000000000000001011011111111110011010111111101010101000000000000100100000000011101101000000000001111000000000011010000000000000111000111111111100100011111111101001010000000001001101
1111111111001010111111110100111011111111111000000000000010111001111111111100001100000000100100000000000000100011000000000010101100000000001010000000000011101101000000000001001111111111110000101111111111101011111111111010100000000000010101111111111110001100
0000000000010001111111111101001000000000000000110000000001000001000000000000111000000000100010001111111111111000000000010010111000000000000110111111111111100101000000000000000000000000001011011111111111111001111111111100101011111111111110101111111111000011
0000000000011010000000000111100111111111110001010000000001101101111111111100000000000000111100100000000000000000111111110010010000000000000100000000000010111011111111111100111111111111001110011111111111010100111111111001101011111111111110110000000000001000
0000000000011010000000001011111100000000010110000000000000110000111111111110101011111111101110010000000000010010111111111101110111111111111110101111111110100111000000000010000100000001001001011111111111111010000000000011101000000000000100010000000000100111
1111111111100110111111110110011100000000000101010000000000101010111111111110010000000001010010101111111111011110111111110111010111111111110111000000000011001100111111111110000011111111111000111111111111011111000000000011111000000000010100101111111111100000
0000000000010001111111110011100000000000000101011111111011000110111111111101000000000000110001100000000000010101000000000110110100000000001011110000000001101111111111111111001011111111011111110000000000101011111111110101111100000000001010100000000000011101
0000000000100100000000000110101111111111111011011111111111010100000000000010100100000000010111000000000000001000000000000000100000000000000001001111111100111111111111111111001100000000101010010000000001000100000000000010000000000000000010000000000000011100
1111111111111000111111111000111011111111110110110000000000100000000000000010001100000000100111011111111111011101000000000111001111111111110111000000000100001001111111111100100000000000100110111111111111111000000000010000001100000000001100110000000000001100
1111111111001110000000000001010111111111100111010000000000100011000000000010001100000000001010010000000000010000111111111100101011111111111001011111111101011010000000000011001100000000101010010000000000000111000000000001111011111111110010010000000110100010
1111111111101001000000100011001000000000001010110000000000011110111111111110001100000000010110010000000000001000111111111111001000000000000001000000000000101101000000000100000100000000001111100000000000001111111111111101111111111111111100100000000011011110
0000000000101100000000010010111111111111110100111111111110010001000000000000001000000001000100010000000000001001111111110110101100000000000000101111111111101000000000000001011000000000001101111111111111111011111111110100110100000000000111000000000010100010
1111111111111010111111111101000111111111111001000000000100011111111111111100110011111111110110110000000000001001111111111111110111111111111011110000000000111000000000000010001100000001000111100000000000011000000000001011010000000000000001100000000010111010
0000000000110100111111110010110111111111111000101111111101000111111111111010001011111111111111011111111111101101000000010001000111111111111111100000000000111110111111111110110000000000011010010000000000000001111111110101110111111111111111001111111100101111
1111111111010101111111111001001111111111111010100000000010111000000000000000111111111111001010010000000000011011000000000111001011111111111011111111111111100011111111111011111111111111010111011111111111001010111111110000010111111111110001000000000000000000
0000000000010110000000011010100100000000000001101111111110011111000000000101110111111111111011010000000000100111000000001101110100000000000000001111111100111101000000000001111111111111101100010000000000100101000000001101011111111111111000011111111110010101
0000000000101011000000010010000100000000001110000000000010100110111111111110010000000000001001110000000001000010000000000101000011111111111000001111111011111010000000000100000000000000101100001111111111111111000000000100000000000000000010001111111111110101
1111111111011100111111111111001100000000000110010000000001001010000000000010111100000000110101010000000000000010000000000111101000000000000110110000000000000011000000000010000111111111110101000000000000000110000000000100001100000000000000101111111110001101
0000000000011001111111110111111111111111110100001111111101101110000000000001011000000000000000001111111111001111000000001010111100000000001001011111111010111010111111111111100011111110111000011111111111110011000000000000010111111111111001010000000101101010
1111111111101011000000000101011011111111111101011111111111111110111111111111110100000010000001101111111111110100000000001110010100000000001111001111111110100001000000000000110000000001011101010000000000111001000000010001000100000000001001010000000100010111
1111111111111100000000001101100111111111111010000000000101110110000000000000001111111111001101101111111111100000111111111100001011111111101001110000000000000111111111111100101100000000111000101111111111100110111111111010111100000000000110011111111110100000
1111111111101110000000000100100111111111110100111111111110011011111111111111101111111111100010110000000000001011111111111000111111111111111010000000000110100100111111111111101111111111101100101111111110010001000000000101000000000000001011010000000001100010
1111111111111100000000001010110011111111111001010000000000000111000000000001011011111111110101000000000000110010111111111011100111111111111100010000000011100010111111111011101111111110111010111111111111001110111111111100010011111111111111110000000000110101
0000000001000001000000000110100011111111111001111111111111100001111111111100101011111110110100111111111111111100111111111101001000000000000111101111111111101101000000000000110111111111111001010000000000011000000000000001111100000000000010011111111101011110
1111111110110101000000001001010000000000000001011111111101011100111111111101111011111111010100010000000001000010111111111011110111111111111110111111111111110010000000000001010100000000100110111111111111110011000000000000100100000000001100101111111011001001
1111111111010010111111101000100100000000000111101111111111110101000000000000100111111110110000100000000000000100111111111110000000000000000111000000000000111001111111111111110111111111000110110000000000010011000000000001101011111111110111110000000011001111
0000000000101111000000000110000100000000000000110000000000101000000000000000101011111111110010001111111111101000000000010000101011111111110110111111111110010011111111111101100000000000000101100000000000010100111111111101011000000000000011101111111101110010
0000000000100011000000010000101111111111110010001111111100110010000000000001111011111111111101010000000000001010000000001110001111111111111100100000000000101110000000000000110000000001001010100000000000101010111111110101011111111111110100100000000000000110
0000000000001101000000001001001111111111111001111111111011011111000000000011101000000000011011000000000001010000000000001001110000000000000100100000000001101101111111111110001100000000101010111111111111101011000000000011010111111111111000111111111110100000
1111111111011010111111110111111011111111101100000000000001011100111111111110001011111111100000000000000000010010000000000100011011111111100111111111111101010000111111111111010011111111010101011111111111111000111111111000110000000000001101010000000011111001
0000000000011001111111111101010100000000001110110000000000110001111111111010000000000000110111001111111111010110111111111110110011111111111001011111111111100010000000000000100000000001011111010000000001000000111111111001100000000000000000010000000001011001
1111111111110111111111110010110111111111111001111111111101010011111111111110001100000000001111010000000000010100000000000001110011111111111101010000000001000100111111111100111011111111100100000000000000111010111111110100110111111111110100010000000000101000
0000000000001111000000000000010111111111110111001111111010101101000000000000110100000000010110101111111111010101000000000001001111111111111010001111111110000101111111111011110011111111111110010000000000011110000000000000110000000000000010011111111110001110
1111111110010010111111111111010100000000000011010000000001010010000000000001011111111111011110100000000000011100111111100111101100000000000010101111111010011010111111111001001000000000111111001111111110110101111111111001110111111111111101000000000011010000
1111111111101101000000000011110111111111110011110000000010111110000000000100010011111111101100110000000000001001000000000101011100000000000011100000000001111010111111111110100000000000001100011111111111001110111111111011100000000000001101101111111110111101
0000000000010110000000010011101100000000010000000000000000000011000000000001000100000000100101011111111111011110111111111010010100000000010110000000000011001101111111111010111111111111111011100000000000111000111111111101010000000000001111011111111001101000
1111111110110000000000001010110000000000001111001111111101000100111111111100001111111111100110110000000001011000000000000010000111111111111100100000000010011111000000000001000100000000000100110000000000111110111111110100011000000000001011001111111101010001
1111111111101011000000000111001100000000001101001111111101010100111111111111101011111111100101101111111111001101111111110110101111111111111100011111111110110101000000000000011111111111011011100000000000010011000000011100110111111111111001101111111111110011
0000000000101001000000001111101000000000010100001111111111110100000000000000111000000001000011101111111110111011000000000110100000000000000011101111111000111010111111111110010000000000010110000000000000100100000000000110010000000000000001010000000001101011
0000000000011100111111111000000100000000000000000000000001001111111111111011010011111111100101100000000000001101111111111010111100000000000100110000000001111010111111111110101111111111101010011111111111011010111111110100010100000000001100001111111110001001
0000000000000111000000000010010000000000000000101111111100001010111111111101111111111111110000100000000000100101111111111101001100000000000110010000000001111111111111111100010000000001100001011111111111111011111111111010110000000000010101011111111111111010
0000000000100001111111111011111100000000001001011111111101110100111111111111011100000001001011010000000000101011000000000001100111111111111101000000000001000011000000000010100100000000011100010000000000000101000000001000001111111111111001101111111110111001
1111111110111110111111110010100000000000000010010000000001000110111111111101001111111111111100001111111111010100111111101110010000000000000111001111111100101111000000000100010100000000110110101111111111111100111111110011010011111111111010100000000101000101
1111111111111011111111100100111000000000000011110000000000010010111111111101011011111111101100001111111111001101111111110011100000000000001101110000000000011101111111111110000011111111111001001111111111111101111111111110011100000000000110010000000011001010
1111111110101011000000001101101000000000001101010000000001000001111111111100011000000000111100111111111111110011111111101111001011111111111001000000000011100011111111111111101111111111111100101111111111111111111111100010010011111111110000100000000010010111
0000000000111001000000010000110111111111111011100000000100011001000000000010101000000000011011000000000000000011000000001110111011111111111101100000000101010010000000000010011100000001011110111111111111001111000000001011010100000000001010111111111111100100
0000000000001101111111111110111111111111110001010000000011110001111111111101011000000000001101000000000000001101111111111011101111111111111111101111111110010110000000000001010100000000001111000000000000101101000000000010010100000000001100100000000100000111
1111111111111100111111110101100100000000001100100000000000001011000000000000001111111111011000010000000000101011000000000101100000000000000110011111111010000110111111111110010000000000111001011111111111011111000000001000001100000000000101011111111101101110
1111111111010111000000000101111000000000000010000000000001011010000000000011001011111111100000010000000000101111111111111010111000000000010001111111111011010110111111111101100100000000100000101111111111011111111111111110111011111111110000010000000100001011
0000000000010110111111111111111000000000001101110000000000110010000000000011101111111111101001001111111111101101000000001110010000000000000000111111111101000010000000000000000100000000001011011111111111011010000000001110100011111111111111111111111010000011
0000000000010101000000000010101011111111111111110000000011011010111111111111000000000000010101000000000001011101111111110001101111111111111111000000000011111101000000000001110000000000010111101111111111010111000000000110011111111111100001100000000001100010
0000000000010010000000000000100000000000000000110000000010010010111111111110110000000000001101111111111111110110111111111001111011111111111101010000000011001001000000000000010000000000000100111111111111110011111111111001011111111111111011111111111111111011
1111111111011010000000001000000011111111111110010000000001001001000000000000011011111111111111101111111111111011000000000000001100000000001100010000000010010101111111111100111111111111101000101111111111010100111111111101100100000000001011000000000100111101
1111111111110111111111100111001100000000001110010000000100011010111111111101100100000000100010111111111111101111000000000110001011111111111011011111111100001110111111111110010100000000101110001111111111110101000000000100011000000000000011100000000100001110
0000000000001111111111110010010000000000001001100000000011001001111111111111111000000000101111010000000000001001000000001110001011111111111011001111111111010001000000000010010011111111011111100000000000100010111111101110110100000000000101110000000101110001
0000000000110000000000000110001100000000001011011111111110001110111111111101011011111111000101101111111110111110111111110101000011111111111111000000000100001011000000000001001100000000010101100000000000011001111111111110000000000000001001000000000010000010
0000000000011010111111110101001000000000000010001111111110010010111111111110101000000001001101011111111111011111000000001000101000000000000101111111111110001101111111111010101111111110111010001111111111111111111111111010010100000000001011110000000000101000
0000000000100100000000001010000111111111110001001111111110111010000000000001101111111111110100110000000000101001111111111000011000000000001010001111111110000001000000000000000011111111100000001111111111010111000000010110110111111111110110000000000000001100
1111111111111101000000000110101000000000001000100000000100001001000000000011000111111111111100100000000000110010000000000011101111111111111110000000000001110100111111111111111000000000011110111111111111010000000000000010101111111111111100000000000101001011
1111111111000110000000001010000000000000001010111111111101101110111111111101111000000000110010110000000000100010111111101111100000000000001011100000000010010100111111111111010111111111001110001111111111101100111111110011010011111111111000101111111110010100
1111111111111100111111110010111100000000000101111111111101101110111111111010111111111111101011101111111111111100111111110110101100000000001000101111111100000010000000000001101000000000001111001111111111111100000000000100000000000000000010100000000001010001
1111111111110101000000000101110100000000000110110000000110000001000000000011100011111111011111101111111111111100111111100111001100000000000111000000000000011111000000000010011011111110001011010000000000110010111111110100100000000000000110111111111011010101
1111111111110101000000001010011000000000001000111111111110011101111111111110001000000000111101111111111111111101000000000101010100000000000100100000000011101011111111111111001011111110111011001111111111010001111111111110011000000000001001100000000001001111
0000000000010010111111110111111100000000010001101111111010110011111111111101101000000000100000010000000001001001000000000000101000000000001101100000000101010100111111111111100011111111000000001111111111101101000000001110000111111111111101001111111010111011
0000000000001100111111111001111111111111111100111111111111001000111111111011010111111111111001010000000000100010111111101110111000000000001100110000000010101111111111111111100111111110110011101111111111111101111111111100011100000000000101111111111011011100
0000000000010011000000001000100100000000011001101111111001101101000000000001010111111111111011100000000000001101000000001001001011111111110110011111111011111000111111111111011000000000011110000000000000100010111111111110110011111111110111100000000001010111
0000000001011110000000000110001000000000000001110000000111011001111111111100101111111111101100011111111111000001111111111100101000000000000011100000000000010111111111111111111011111111001110010000000000011100000000001100111100000000000101001111111110000111
1111111110110101000000001000010000000000000001011111111110010110111111111111001000000000111101111111111111111100000000001011000100000000000010011111111101111010111111111001111111111111111001110000000000100111111111111010000000000000001101101111111011111101
1111111111101101000000001011100000000000000010111111111010100001000000000001000111111111100001100000000000011100111111101101111000000000000000101111111111011111111111111110100100000000010101110000000000000010000000001000100100000000000010000000000000011111
0000000000001101000000011000101100000000000110011111111110100011111111111101010011111111111010010000000000001101000000001111001100000000000101001111111100101000000000000000011100000000011000110000000000001100000000010010101100000000001000101111111111101001
0000000000000110111111111010100000000000000001101111111110100101000000000000111011111111011001110000000000010101111111110011011111111111110111001111111101000011000000000000101100000000100100001111111111111100111111111000101000000000000001110000000011011000
0000000000011010000000000000011100000000001100001111111111000010000000000010000011111111011101100000000000000101111111111110111000000000000001110000000000111001111111111110111100000000011000100000000000001010000000001110010011111111110010010000000110100001
1111111111101100000000010010101100000000010100100000000101010101000000000000111111111111100111111111111111111010000000001001001011111111110111110000000000101010111111111111011000000000010110001111111111100011111111111111110011111111011111111111111011111000
0000000000011111111111111010000100000000001111100000000010010011111111111110101011111111001001101111111111011110111111101100110011111111111000111111111110111101111111111111000111111111111000101111111111110100111111110111111000000000000100011111111110111010
0000000000110000111111110100011000000000000010110000000001010100000000000010111111111111110011001111111111100000111111110100101100000000000010101111111110001001111111111100001011111111100000000000000000011101111111111100100100000000001011100000000010001100
0000000000101001111111111011111011111111111111100000000011101110000000000000111000000000011011010000000000110001000000001011011111111111111111001111111111100000111111111100100000000000110000100000000001010110000000000011010111111111111110110000000010010110
0000000000000111111111111110010100000000000000010000000010001101111111111101001000000000001101011111111111101011000000000011010011111111110101111111111100101011111111111111000111111111001100010000000000010111111111110100011011111111110001010000000000001111
1111111111100010000000011101010011111111110111110000000000101100111111111110010000000000011011101111111111001111000000001100011011111111110100100000000000101001111111111110110011111111100111010000000000110000111111111001110100000000001100010000000000100001
0000000000010000000000000001111111111111101111110000000011111000111111111111001000000000101000010000000000101001111111110111110000000000000001110000000000110110111111111111110011111111010010101111111111111011111111111001111111111111101110101111111100011011
0000000001000000000000001110001011111111111010011111111110101000000000000010000011111110101011111111111111100001111111101011001111111111111001000000000001110000000000000011011011111111011111001111111111010010111111110111110111111111101001110000000010011100
0000000000110010111111111111111011111111101110011111111001111111000000000010101011111111110110100000000000110001000000010101011011111111111001100000000001011110000000000000100111111111110000101111111111011100111111110000011100000000001010011111111101001000
1111111111001011000000001010100000000000001001100000000000011101000000000000001011111111110101010000000000011101000000000110011011111111111011111111111101100100000000000000010000000000100000011111111111000001111111100010100000000000010101000000000000011110
0000000000010111000000001100111000000000000110001111111110101111111111111111011000000000111000010000000000000111111111111010011011111111111001000000000000100111111111111110011000000000100000100000000000010110000000001011011000000000000100010000000010001010
1111111111101101000000000001001100000000000111110000000000110100000000000010101011111111111111000000000000100001111111111010110011111111110110001111111011000000111111111110111000000000010111000000000000011010000000000000110000000000000111110000000000101110
0000000000010101000000000101011011111111111111001111111100000111000000000001011011111111001110111111111111110100111111111110010111111111110100000000000011010011111111111101101011111111000110000000000000001011111111111001100000000000000110111111111110110101
0000000000000000000000001111011100000000000111110000000001010001111111111111101111111110101100000000000001011111111111111001111011111111110001100000000100101000111111111100110000000000110010011111111111111111111111111000001011111111101100011111111011110000
1111111111100101111111100110010011111111111001111111111101010011000000000001100011111110100011010000000000110001000000000001110111111111110100110000000011011000111111111110100111111111011001111111111111000111000000000110010011111111111010001111111101100100
1111111111001100000000000011010011111111111110000000000101111111000000000011001111111111100101001111111111001111111111110110100100000000001111100000000111011100000000000000110100000000100101101111111111101011111111111110001000000000000011011111111111100101
1111111111100100000000000011000111111111110111110000000011000010111111111110101100000000001011001111111111100111000000010101011000000000010000000000000011011010000000000011010111111111010111110000000000001011111111111011010000000000001011111111111100010100
1111111111000010000000000010111011111111111100100000000001001001111111111010110011111111110101110000000000010110000000000010010111111111101000110000000001011101111111111111010100000000010001101111111111011101111111111110100111111111110010101111111011111100
1111111111100110000000000101010111111111110100111111111101000010000000000001010111111101100101011111111111111011000000010011111111111111111011010000000001100000111111111101001011111111010001101111111111110111000000001001010011111111111110011111111100111100
1111111111011101000000000101110011111111111111000000000001000100000000000001010000000000011010011111111111010011000000000001001011111111111000000000000001101010000000000000010000000001000100100000000001011100000000001111110011111111110010010000000000111011
1111111111110110111111111101000100000000000010011111111010110110000000000001000011111111001100001111111111110111111111111010011100000000000100001111111001000011111111111011101111111110011011011111111111100100111111111010011011111111101111011111111111001011
1111111111010010111111111100100111111111111100001111111011110000000000000000111000000000011000001111111111110011000000000111100011111111111100100000000001010001000000000010111100000000011110100000000000001101111111111000111000000000000111101111111111000000
0000000000101101000000000000100111111111111000100000000000110100111111111111100111111111000111010000000000000110000000001111000111111111111101101111111101100011000000000001010100000000010101001111111111010111111111111000000100000000001000000000000001101100
1111111111111111111111110100010011111111101111110000000011000101111111111111000100000000010010001111111111101011111111111110000111111111110101110000000000100100111111111011001011111111111011010000000000101111000000000101001100000000000010110000000010111000
0000000001001100111111110110011111111111110000111111111101110110000000000001000000000001001011010000000001001110000000001111111100000000000010101111111111011001000000000010000100000000010010101111111111110100000000000011010011111111111011101111111101010010
0000000000010111000000010101110011111111111001101111111011000011111111111111111111111111010110000000000000000101000000000100100011111111111011100000000011010111000000000001101100000001001110011111111111100000000000000000001111111111111101101111111101011011
0000000000011110000000000001101011111111111001111111111111100000000000000101001111111111011100010000000000000011000000010100110111111111111101011111111110010111000000000010110000000000011100001111111111101101000000000010010000000000000110101111111101001000
1111111111100100111111110101010011111111110110111111111111010001000000000001100111111111110110100000000000011111000000000011101100000000000001001111111101011110000000000010011011111111111111011111111111100001000000001010001000000000001011001111111110011011
1111111110111000000000000010110011111111110110000000000101101011000000000000110111111111110111111111111111000110111111111111011111111111111000100000000001011100000000000010001000000000100011100000000000010111111111110101010000000000000101111111111111011001
1111111111001010000000000011010000000000000001101111111100110111111111111101101011111110101010101111111111111111000000010111110111111111111111000000000000111010111111111100000111111111100110110000000000100111000000000011000000000000000101000000000000011110
0000000000011001000000000100110000000000001000000000000010101010111111111110110111111111111101110000000001100010111111110011000000000000000010101111111110001111111111111111010000000000101101101111111110110011000000000001011000000000001011100000000000110010
1111111111010111000000000100101011111111111001111111111010110000111111111111010000000000110010111111111111000110000000001001000100000000000000110000000001011100111111111000100111111111110000111111111111111011000000000010101111111111110010101111111101010001
1111111111001100000000000000111011111111111010101111111101101010000000000000000111111111101000110000000001001101000000001001100100000000001100100000000100001010111111111110110111111111000110011111111111110101000000000010010000000000000111001111111110101011
0000000000011110000000001111000000000000000001110000000100010111111111111111001011111110111111001111111111101110111111111100100100000000000111100000000000110101111111111111110111111111010011000000000000011001111111111000111111111111110101010000000011000000
1111111111010101111111111010101011111111111111100000000001010100111111111101111100000000111000100000000000011011000000000111001000000000010100111111111110010100000000000000011111111111111010111111111111011100000000001001000111111111111011101111111110001000
0000000000100011111111110110010011111111111110011111111011001000000000000000001000000000110111001111111111101000111111111100100111111111111000101111111101110111000000000011100011111111111001010000000000110000111111111000110111111111110101100000000001001111
0000000000000111111111111010011000000000000010110000000000101101111111111101100000000000110100001111111111100000000000000001001000000000001111101111111111001010111111111101100111111111100000110000000001001110111111111111001111111111110100000000000010100100
0000000000011100111111110011111111111111111001100000000010011001111111111111110111111111101110101111111111111101111111110110110011111111111110000000000101100110000000000000000111111111111000000000000000001111000000001010110000000000000100011111111111111111
1111111111001001111111111001010111111111111101010000000010000011000000000010111000000001001001110000000000001110111111101111010011111111110011110000000101001010111111111111111000000000001110011111111111110001000000011000101100000000001011101111111111111001
0000000000011110111111110100111111111111111110101111111111101011111111111100001011111110001011110000000000110111000000000111100011111111111111100000000000010001000000000000001111111111000101011111111111011110111111110100111000000000001011001111111111111000
1111111111111000000000010110111011111111111100010000000101011011111111111110111011111111110110111111111111111100111111110111000000000000001110000000000011011100111111111110000100000000101101000000000000001101111111111100001011111111110011111111111110110100
0000000000001000000000001000010000000000000101101111111110001101111111111100111100000000010100111111111111101100000000000101110100000000010110101111111111010000000000000001010000000000100000011111111111100010111111111001111011111111110100110000000000001101
0000000000100001000000010000101111111111110001101111111100111110000000000001101111111101111100101111111111101011111111111010100000000000001011101111111100111100000000000010111000000000000110010000000000100111111111100111101111111111110111011111111100100110
1111111111010101000000000101101011111111101001111111111111001111000000000100010100000000101111000000000001000111000000000101111000000000000100010000000000110000000000000010101011111111011010010000000000101100000000001110010100000000000111111111111100011101
1111111111100100111111111001110100000000001110001111111110111000000000000000111011111111000000110000000000010110111111111001011100000000000110111111111110010000111111111110101000000000110010110000000000000111000000010001010000000000000011011111111111000101
1111111111110101000000000000110111111111111111100000000001010100000000000000000011111111010001011111111111100010111111111111011000000000000101000000000001000001000000000000110011111111101101000000000000101010000000001000011000000000000111100000000001000011
1111111111011101000000010110011111111111111011010000000010010110000000000001111100000000000001101111111110100011000000000000111011111111111011011111111110010110111111111101101111111110011101010000000000100011000000000110010100000000000010100000000101000111
0000000000011010111111110010011000000000000010000000000000111010111111111110000111111111100010010000000000010110000000000011101111111111111100110000000000111011000000000101100111111111111000001111111111101100111111110110100000000000000001011111111101010000
1111111111101101111111100010111111111111111011100000000000011110111111111111001000000000010000000000000000110010111111110111001011111111110101111111111100101111111111111011100111111111100001010000000000001101111111111101100000000000001001100000000000110011
0000000000011011000000000000011100000000000101101111111111111111000000000011000011111111011010101111111110110000000000000010011111111111110001100000000100000111111111111101100100000000001010010000000000111101111111111000010000000000001011100000000010110101
0000000000011110000000000010100011111111111101110000000000101001111111111111000011111111101111001111111111111001000000001101011111111111111110101111111101100101111111111111000111111111111000100000000000100111000000000010110100000000000001010000000011110101
1111111111111110000000010000001111111111110100001111111111001101111111111101111111111111001110011111111111110100111111111110011111111111111100110000000100100001000000000011011111111111011100000000000000111000000000010000100100000000001001101111111111110110
0000000001000111111111110010110011111111111000000000000010100110111111111110010000000000011011000000000000001111111111111110100000000000000000100000000100101110000000000011000011111111010110010000000000110011000000000000100100000000000000101111111111111001
0000000000001111000000001110100100000000000001010000000000011011111111111000100011111111001011011111111111010010111111110111110111111111110101111111111110100010000000000011100111111111110011110000000000011000000000000010111111111111110010111111111100111100
0000000001001110111111101110000111111111111111011111111111100000000000000100101000000000011100010000000000000100000000000010101111111111111101110000000000111100111111111010010000000000001011100000000000010111000000001011100111111111101111100000000011100101
1111111111000000111111111010101100000000000001111111111110000101111111111101110011111111000111100000000000010011111111111111110111111111111011010000000010000011111111111001110100000000100100101111111111010111000000000001101011111111111000010000000100010101
0000000000000100111111111110101000000000000000011111111111101110111111111111000100000000101100101111111111111010000000001011011100000000000010111111111101110101000000000000111111111111110100010000000000010010111111111101011000000000001000001111111110100011
0000000000110111000000010001000011111111111000011111111111111100000000000011011011111111100100011111111110100010111111111011101100000000000011100000000001011111111111111101111100000000111010100000000000111101000000000000110100000000001010101111111011010101
0000000000101000111111111001101100000000001110010000000011110101111111111100100000000001010100111111111111110110000000000111001011111111111100000000000001110001111111111111100000000000001011001111111110110110111111110001010011111111111110000000000000101001
0000000000100111000000010010111011111111111101000000000000011111000000000000000000000000010001011111111111101011111111110100001100000000000011001111111110001001111111111111100011111111010000101111111111000001000000000001010000000000000000111111111100110011
0000000000101110111111110011001100000000000100101111111111100011000000000010000100000000000011000000000001000100000000001111111100000000000101101111111110100001000000000011000100000000011011010000000000011110111111111011100111111111110101111111111111111110
1111111111100001111111110101000000000000000111101111111110001011111111111110100111111111100100111111111111001100111111101111101000000000000101101111111110010111000000000000011111111111001110000000000001000000000000000110001100000000001010000000000101001011
0000000000111000000000001100101100000000001100000000000001110111111111111111000111111111000000011111111111111001111111111100000111111111110110000000000100011000000000000001011100000000100011000000000000101110000000001001111100000000000010010000000001110101