198
62
6
19
173
112
90
143
121
68
109
48
4
145
60
238
125
95
239
211
43
200
120
105
175
159
16
222
244
92
128
186
154
134
205
71
246
39
215
112
107
68
160
112
213
221
94
83
60
78
38
103
22
158
208
197
61
224
163
49
60
35
235
214
169
185
30
160
224
245
16
76
57
176
188
15
141
26
98
201
104
136
48
126
38
0
68
99
225
231
149
29
11
128
244
180
57
18
84
26
7
100
102
64
21
34
79
162
60
177
108
165
57
156
35
95
157
103
195
126
79
88
155
90
216
143
14
18
161
99
44
168
199
146
233
220
180
56
127
240
234
235
149
35
135
185
131
36
32
70
162
111
158
62
201
118
205
216
136
111
59
180
23
2
70
0
223
250
57
94
235
35
73
128
70
208
57
201
245
90
15
151
201
173
213
147
36
163
107
172
18
166
97
41
168
167
42
135
162
99
229
141
134
46
13
204
255
71
150
244
161
165
139
106
83
97
253
119
4
104
35
22
14
132
63
183
44
105
62
206
204
36
91
82
82
104
31
81
175
181
69
80
90
209
187
173
50
184
36
54
33
72
76
47
204
139
230
248
245
37
198
193
73
33
20
155
138
51
237
57
232
50
138
66
3
69
240
53
253
20
107
30
92
183
78
41
67
52
33
56
89
232
249
162
9
13
62
147
64
43
205
40
93
87
107
97
156
91
150
153
111
2
184
204
185
6
245
252
58
22
52
148
254
46
54
8
59
116
155
124
159
104
164
253
191
15
94
91
106
244
245
218
246
173
166
176
179
155
172
237
177
225
129
176
15
184
184
74
44
83
198
204
188
107
201
123
122
39
215
229
27
204
191
18
121
101
194
44
0
110
25
177
79
155
97
94
83
25
169
127
109
111
75
41
218
20
164
85
59
123
58
87
71
249
105
192
94
43
236
94
153
6
15
233
161
113
71
244
138
240
115
247
96
191
32
58
211
197
143
15
64
201
102
136
194
207
72
32
250
53
126
147
59
142
124
220
255
196
208
137
180
67
129
20
2
161
79
214
102
222
229
167
168
75
47
106
26
119
139
20
172
9
167
231
151
36
195
150
232
147
32
156
215
161
177
217
66
0
175
169
222
148
80
134
223
127
241
249
246
124
13
163
133
181
138
29
217
78
179
193
225
211
93
184
116
14
146
183
14
65
96
237
214
176
115
181
47
100
175
37
224
188
200
102
113
83
131
74
161
54
11
130
10
105
59
126
119
205
53
134
14
149
115
228
69
230
154
116
75
73
154
43
5
98
145
119
181
20
193
86
75
205
217
85
54
20
211
173
225
9
51
239
158
166
212
228
141
110
88
216
183
242
3
188
85
149
51
10
169
245
97
244
194
58
73
248
78
29
165
47
38
217
30
196
127
242
168
12
96
1
228
23
243
232
212
72
125
7
83
38
252
180
27
190
238
100
182
60
129
92
107
167
53
137
108
180
124
20
193
220
21
165
244
9
141
200
81
10
207
164
49
204
88
76
138
70
176
65
130
50
157
237
217
210
119
69
134
243
90
71
207
111
237
195
120
122
139
202
133
91
110
182
39
199
2
177
13
178
242
144
228
143
125
190
97
244
3
232
231
93
47
183
205
28
122
69
151
6
15
28
97
126
210
136
69
212
57
82
134
44
226
107
187
96
41
29
84
44
5
60
138
52
243
87
81
109
156
232
115
172
4
212
42
214
92
111
170
150
193
48
194
164
155
125
4
196
154
88
241
159
148
123
212
135
210
37
245
110
13
104
26
17
61
68
231
153
179
145
47
117
193
241
25
93
111
29
33
9
117
18
169
10
141
125
145
95
162
134
206
175
239
232
192
44
45
167
197
224
56
245
85
249
230
110
86
85
139
120
95
1
138
8
11
24
133
156
119
39
35
69
214
18
46
150
62
91
61
3
59
117
248
145
110
223
255
197
52
139
61
147
140
199
155
151
223
32
51
87
71
86
156
29
104
202
179
166
37
240
170
97
101
162
242
212
129
241
153
182
124
214
73
8
157
229
159
125
5
211
212
77
41
112
106
146
59
30
56
96
14
226
193
116
133
179
72
6
165
225
188
33
183
6
42
84
235
201
209
240
156
165
61
198
22
168
88
81
198
144
177
212
115
115
72
248
38
144
254
203
113
187
237
40
193
23
125
172
224
78
156
125
244
218
67
10
130
155
91
72
43
12
28
158
127
101
150
166
245
149
113
103
80
94
143
17
117
12
189
86
91
89
172
123
53
24
74
186
0
0
0
0
0
0
0
0
0
0
0
0
0
0
0
0
0
0
0
0
0
0
0
0
0
0
0
0
0
0
0
0
0
0
0
0
0
0
0
0
0
0
0
0
0
0
0
0
0
0
0
0
0
0
0
0
0
0
0
0
