-58
62
6
19
-83
112
90
-113
121
68
109
48
4
-111
60
-18
125
95
-17
-45
43
-56
120
105
-81
-97
16
-34
-12
92
-128
-70
-102
-122
-51
71
-10
39
-41
112
107
68
-96
112
-43
-35
94
83
60
78
38
103
22
-98
-48
-59
61
-32
-93
49
60
35
-21
-42
-87
-71
30
-96
-32
-11
16
76
57
-80
-68
15
-115
26
98
-55
104
-120
48
126
38
0
68
99
-31
-25
-107
29
11
-128
-12
-76
57
18
84
26
7
100
102
64
21
34
79
-94
60
-79
108
-91
57
-100
35
95
-99
103
-61
126
79
88
-101
90
-40
-113
14
18
-95
99
44
-88
-57
-110
-23
-36
-76
56
127
-16
-22
-21
-107
35
-121
-71
-125
36
32
70
-94
111
-98
62
-55
118
-51
-40
-120
111
59
-76
23
2
70
0
-33
-6
57
94
-21
35
73
-128
70
-48
57
-55
-11
90
15
-105
-55
-83
-43
-109
36
-93
107
-84
18
-90
97
41
-88
-89
42
-121
-94
99
-27
-115
-122
46
13
-52
-1
71
-106
-12
-95
-91
-117
106
83
97
-3
119
4
104
35
22
14
-124
63
-73
44
105
62
-50
-52
36
91
82
82
104
31
81
-81
-75
69
80
90
-47
-69
-83
50
-72
36
54
33
72
76
47
-52
-117
-26
-8
-11
37
-58
-63
73
33
20
-101
-118
51
-19
57
-24
50
-118
66
3
69
-16
53
-3
20
107
30
92
-73
78
41
67
52
33
56
89
-24
-7
-94
9
13
62
-109
64
43
-51
40
93
87
107
97
-100
91
-106
-103
111
2
-72
-52
-71
6
-11
-4
58
22
52
-108
-2
46
54
8
59
116
-101
124
-97
104
-92
-3
-65
15
94
91
106
-12
-11
-38
-10
-83
-90
-80
-77
-101
-84
-19
-79
-31
-127
-80
15
-72
-72
74
44
83
-58
-52
-68
107
-55
123
122
39
-41
-27
27
-52
-65
18
121
101
-62
44
0
110
25
-79
79
-101
97
94
83
25
-87
127
109
111
75
41
-38
20
-92
85
59
123
58
87
71
-7
105
-64
94
43
-20
94
-103
6
15
-23
-95
113
71
-12
-118
-16
115
-9
96
-65
32
58
-45
-59
-113
15
64
-55
102
-120
-62
-49
72
32
-6
53
126
-109
59
-114
124
-36
-1
-60
-48
-119
-76
67
-127
20
2
-95
79
-42
102
-34
-27
-89
-88
75
47
106
26
119
-117
20
-84
9
-89
-25
-105
36
-61
-106
-24
-109
32
-100
-41
-95
-79
-39
66
0
-81
-87
-34
-108
80
-122
-33
127
-15
-7
-10
124
13
-93
-123
-75
-118
29
-39
78
-77
-63
-31
-45
93
-72
116
14
-110
-73
14
65
96
-19
-42
-80
115
-75
47
100
-81
37
-32
-68
-56
102
113
83
-125
74
-95
54
11
-126
10
105
59
126
119
-51
53
-122
14
-107
115
-28
69
-26
-102
116
75
73
-102
43
5
98
-111
119
-75
20
-63
86
75
-51
-39
85
54
20
-45
-83
-31
9
51
-17
-98
-90
-44
-28
-115
110
88
-40
-73
-14
3
-68
85
-107
51
10
-87
-11
97
-12
-62
58
73
-8
78
29
-91
47
38
-39
30
-60
127
-14
-88
12
96
1
-28
23
-13
-24
-44
72
125
7
83
38
-4
-76
27
-66
-18
100
-74
60
-127
92
107
-89
53
-119
108
-76
124
20
-63
-36
21
-91
-12
9
-115
-56
81
10
-49
-92
49
-52
88
76
-118
70
-80
65
-126
50
-99
-19
-39
-46
119
69
-122
-13
90
71
-49
111
-19
-61
120
122
-117
-54
-123
91
110
-74
39
-57
2
-79
13
-78
-14
-112
-28
-113
125
-66
97
-12
3
-24
-25
93
47
-73
-51
28
122
69
-105
6
15
28
97
126
-46
-120
69
-44
57
82
-122
44
-30
107
-69
96
41
29
84
44
5
60
-118
52
-13
87
81
109
-100
-24
115
-84
4
-44
42
-42
92
111
-86
-106
-63
48
-62
-92
-101
125
4
-60
-102
88
-15
-97
-108
123
-44
-121
-46
37
-11
110
13
104
26
17
61
68
-25
-103
-77
-111
47
117
-63
-15
25
93
111
29
33
9
117
18
-87
10
-115
125
-111
95
-94
-122
-50
-81
-17
-24
-64
44
45
-89
-59
-32
56
-11
85
-7
-26
110
86
85
-117
120
95
1
-118
8
11
24
-123
-100
119
39
35
69
-42
18
46
-106
62
91
61
3
59
117
-8
-111
110
-33
-1
-59
52
-117
61
-109
-116
-57
-101
-105
-33
32
51
87
71
86
-100
29
104
-54
-77
-90
37
-16
-86
97
101
-94
-14
-44
-127
-15
-103
-74
124
-42
73
8
-99
-27
-97
125
5
-45
-44
77
41
112
106
-110
59
30
56
96
14
-30
-63
116
-123
-77
72
6
-91
-31
-68
33
-73
6
42
84
-21
-55
-47
-16
-100
-91
61
-58
22
-88
88
81
-58
-112
-79
-44
115
115
72
-8
38
-112
-2
-53
113
-69
-19
40
-63
23
125
-84
-32
78
-100
125
-12
-38
67
10
-126
-101
91
72
43
12
28
-98
127
101
-106
-90
-11
-107
113
103
80
94
-113
17
117
12
-67
86
91
89
-84
123
53
24
74
-70
0
0
0
0
0
0
0
0
0
0
0
0
0
0
0
0
0
0
0
0
0
0
0
0
0
0
0
0
0
0
0
0
0
0
0
0
0
0
0
0
0
0
0
0
0
0
0
0
0
0
0
0
0
0
0
0
0
0
0
0
